1 2 1
2 3 2
3 1 6
1 2 5
2 3 3
3 1 4
0 0
1 2 1
2 3 2
1 3 3
2 4 4
0 0
1 1 1
0 0
1 1 1
1 1 2
0 0
1 2 1
2 3 2
1 3 3
2 4 4
2 4 5
0 0
2 19 62
2 25 46
13 7 3
9 9 19
25 1 5
13 29 34
13 22 57
12 18 16
13 8 35
24 25 78
4 18 24
17 18 76
4 11 64
27 28 68
17 19 29
17 11 42
9 2 56
1 3 73
19 21 30
1 10 2
20 18 4
11 10 39
27 29 9
15 6 14
18 14 25
14 9 26
17 26 45
9 11 27
21 6 52
3 25 23
5 14 17
26 27 79
15 23 15
2 2 50
5 24 33
7 26 71
20 14 37
2 25 38
20 21 77
27 5 61
6 24 6
25 28 58
11 20 49
26 30 32
15 10 55
29 11 65
21 26 31
8 27 21
13 15 75
18 26 36
2 18 1
27 3 67
7 12 51
26 14 54
9 7 43
11 10 66
23 27 13
24 5 63
13 6 59
6 22 10
19 18 40
5 7 74
28 25 11
10 4 7
2 30 70
27 24 60
16 24 22
30 17 41
10 25 53
16 4 20
11 17 28
26 3 72
14 7 48
29 30 80
22 6 12
5 13 44
24 1 69
22 7 18
24 13 47
28 7 8
0 0
1 14 57
7 9 260
7 22 13
13 8 241
3 9 42
14 4 6
20 13 212
10 6 221
5 11 92
13 18 158
18 9 277
14 15 2
2 8 89
10 18 14
11 4 29
17 21 297
15 13 40
22 4 196
9 16 16
24 16 168
4 6 21
11 21 189
22 22 227
4 7 294
10 12 68
23 5 210
7 3 148
3 23 177
2 20 87
21 17 30
8 5 239
18 13 126
16 20 10
22 13 49
16 13 190
17 17 291
3 12 222
2 24 38
24 1 258
14 17 91
2 1 96
11 7 125
4 14 43
4 11 226
6 23 143
3 11 46
16 2 17
21 19 211
17 17 201
10 22 50
23 22 51
19 17 52
18 1 242
14 3 11
20 20 56
24 22 111
23 8 180
4 8 26
15 17 59
21 12 54
17 12 61
17 24 286
22 7 141
9 6 252
12 16 53
21 7 100
16 11 273
21 11 86
13 20 255
22 24 70
13 5 285
21 9 271
6 12 73
17 15 266
8 2 139
22 17 283
3 13 77
4 21 137
9 7 79
16 2 80
9 4 175
11 11 28
19 16 78
20 19 1
17 6 236
18 18 36
2 8 62
8 13 243
11 13 296
18 2 65
10 23 60
14 3 179
23 18 232
14 12 94
22 23 298
16 6 235
7 15 97
10 23 116
9 2 247
8 23 240
17 5 23
4 14 214
10 8 193
16 17 104
8 12 238
3 21 178
15 18 64
18 22 151
14 5 147
13 7 160
24 21 75
23 15 161
5 3 132
13 16 85
11 19 115
18 19 207
11 24 192
5 23 118
2 22 188
20 3 244
5 16 121
16 9 234
8 22 185
8 17 203
10 16 153
22 23 58
13 11 274
15 24 144
16 6 3
17 24 20
21 9 5
12 12 69
4 10 109
14 3 157
10 14 135
15 11 83
3 6 282
17 23 229
21 2 7
14 24 140
2 6 250
9 10 93
7 8 191
2 16 128
9 3 90
18 13 76
6 6 172
14 12 27
21 6 149
20 6 45
8 5 272
21 15 150
16 12 205
17 24 113
4 8 155
15 1 225
14 8 134
13 20 195
10 19 25
3 16 119
14 5 112
21 12 8
18 6 163
12 2 131
20 13 12
10 14 166
10 2 142
20 2 216
7 3 47
20 3 170
18 19 123
20 6 268
13 17 184
11 4 209
1 6 107
12 11 256
9 8 278
23 10 146
16 23 24
21 6 18
10 3 133
7 12 136
14 15 183
9 24 292
7 12 267
8 24 117
19 13 34
6 19 129
12 1 208
1 7 127
7 13 223
10 2 67
22 4 200
12 24 199
9 10 228
14 2 82
23 12 197
7 2 31
18 2 173
14 24 169
9 4 269
10 3 275
4 17 261
10 14 204
2 21 246
22 20 101
18 17 15
14 19 33
15 21 32
22 12 19
8 10 230
19 11 95
20 22 213
2 17 63
9 11 215
20 5 263
6 11 279
17 10 218
5 9 44
12 6 220
5 17 231
21 18 22
22 18 233
24 15 66
1 18 130
8 4 84
13 6 289
13 10 259
1 17 152
13 19 162
22 22 280
24 1 106
6 6 72
2 5 41
12 19 39
13 22 98
13 10 88
20 17 105
13 24 257
14 8 202
15 17 4
20 1 99
12 24 187
9 17 120
6 24 245
8 5 9
1 23 35
11 12 114
2 14 249
9 15 206
13 17 251
18 6 102
2 6 253
16 14 287
21 1 154
8 16 165
14 24 145
5 2 198
20 19 37
14 14 288
7 17 48
11 23 262
12 20 182
19 19 181
20 9 265
6 18 74
6 16 254
15 15 81
18 23 284
8 15 164
21 24 171
9 19 219
6 9 224
16 4 237
16 2 167
24 18 276
23 22 270
5 23 156
24 11 217
8 9 295
21 17 281
13 24 264
18 4 138
18 21 103
16 7 71
19 21 176
13 22 159
3 21 290
9 8 194
2 14 174
15 12 248
11 11 122
8 10 293
19 17 124
11 11 110
10 2 108
14 12 55
7 11 186
0 0
2 1 1
3 2 2
1 3 6
2 1 5
3 2 3
1 3 4
0 0
2 1 1
3 2 2
3 1 3
4 2 4
0 0
1 1 1
0 0
1 1 1
1 1 2
0 0
2 1 1
3 2 2
3 1 3
4 2 4
4 2 5
0 0
19 2 62
25 2 46
7 13 3
9 9 19
1 25 5
29 13 34
22 13 57
18 12 16
8 13 35
25 24 78
18 4 24
18 17 76
11 4 64
28 27 68
19 17 29
11 17 42
2 9 56
3 1 73
21 19 30
10 1 2
18 20 4
10 11 39
29 27 9
6 15 14
14 18 25
9 14 26
26 17 45
11 9 27
6 21 52
25 3 23
14 5 17
27 26 79
23 15 15
2 2 50
24 5 33
26 7 71
14 20 37
25 2 38
21 20 77
5 27 61
24 6 6
28 25 58
20 11 49
30 26 32
10 15 55
11 29 65
26 21 31
27 8 21
15 13 75
26 18 36
18 2 1
3 27 67
12 7 51
14 26 54
7 9 43
10 11 66
27 23 13
5 24 63
6 13 59
22 6 10
18 19 40
7 5 74
25 28 11
4 10 7
30 2 70
24 27 60
24 16 22
17 30 41
25 10 53
4 16 20
17 11 28
3 26 72
7 14 48
30 29 80
6 22 12
13 5 44
1 24 69
7 22 18
13 24 47
7 28 8
0 0
14 1 57
9 7 260
22 7 13
8 13 241
9 3 42
4 14 6
13 20 212
6 10 221
11 5 92
18 13 158
9 18 277
15 14 2
8 2 89
18 10 14
4 11 29
21 17 297
13 15 40
4 22 196
16 9 16
16 24 168
6 4 21
21 11 189
22 22 227
7 4 294
12 10 68
5 23 210
3 7 148
23 3 177
20 2 87
17 21 30
5 8 239
13 18 126
20 16 10
13 22 49
13 16 190
17 17 291
12 3 222
24 2 38
1 24 258
17 14 91
1 2 96
7 11 125
14 4 43
11 4 226
23 6 143
11 3 46
2 16 17
19 21 211
17 17 201
22 10 50
22 23 51
17 19 52
1 18 242
3 14 11
20 20 56
22 24 111
8 23 180
8 4 26
17 15 59
12 21 54
12 17 61
24 17 286
7 22 141
6 9 252
16 12 53
7 21 100
11 16 273
11 21 86
20 13 255
24 22 70
5 13 285
9 21 271
12 6 73
15 17 266
2 8 139
17 22 283
13 3 77
21 4 137
7 9 79
2 16 80
4 9 175
11 11 28
16 19 78
19 20 1
6 17 236
18 18 36
8 2 62
13 8 243
13 11 296
2 18 65
23 10 60
3 14 179
18 23 232
12 14 94
23 22 298
6 16 235
15 7 97
23 10 116
2 9 247
23 8 240
5 17 23
14 4 214
8 10 193
17 16 104
12 8 238
21 3 178
18 15 64
22 18 151
5 14 147
7 13 160
21 24 75
15 23 161
3 5 132
16 13 85
19 11 115
19 18 207
24 11 192
23 5 118
22 2 188
3 20 244
16 5 121
9 16 234
22 8 185
17 8 203
16 10 153
23 22 58
11 13 274
24 15 144
6 16 3
24 17 20
9 21 5
12 12 69
10 4 109
3 14 157
14 10 135
11 15 83
6 3 282
23 17 229
2 21 7
24 14 140
6 2 250
10 9 93
8 7 191
16 2 128
3 9 90
13 18 76
6 6 172
12 14 27
6 21 149
6 20 45
5 8 272
15 21 150
12 16 205
24 17 113
8 4 155
1 15 225
8 14 134
20 13 195
19 10 25
16 3 119
5 14 112
12 21 8
6 18 163
2 12 131
13 20 12
14 10 166
2 10 142
2 20 216
3 7 47
3 20 170
19 18 123
6 20 268
17 13 184
4 11 209
6 1 107
11 12 256
8 9 278
10 23 146
23 16 24
6 21 18
3 10 133
12 7 136
15 14 183
24 9 292
12 7 267
24 8 117
13 19 34
19 6 129
1 12 208
7 1 127
13 7 223
2 10 67
4 22 200
24 12 199
10 9 228
2 14 82
12 23 197
2 7 31
2 18 173
24 14 169
4 9 269
3 10 275
17 4 261
14 10 204
21 2 246
20 22 101
17 18 15
19 14 33
21 15 32
12 22 19
10 8 230
11 19 95
22 20 213
17 2 63
11 9 215
5 20 263
11 6 279
10 17 218
9 5 44
6 12 220
17 5 231
18 21 22
18 22 233
15 24 66
18 1 130
4 8 84
6 13 289
10 13 259
17 1 152
19 13 162
22 22 280
1 24 106
6 6 72
5 2 41
19 12 39
22 13 98
10 13 88
17 20 105
24 13 257
8 14 202
17 15 4
1 20 99
24 12 187
17 9 120
24 6 245
5 8 9
23 1 35
12 11 114
14 2 249
15 9 206
17 13 251
6 18 102
6 2 253
14 16 287
1 21 154
16 8 165
24 14 145
2 5 198
19 20 37
14 14 288
17 7 48
23 11 262
20 12 182
19 19 181
9 20 265
18 6 74
16 6 254
15 15 81
23 18 284
15 8 164
24 21 171
19 9 219
9 6 224
4 16 237
2 16 167
18 24 276
22 23 270
23 5 156
11 24 217
9 8 295
17 21 281
24 13 264
4 18 138
21 18 103
7 16 71
21 19 176
22 13 159
21 3 290
8 9 194
14 2 174
12 15 248
11 11 122
10 8 293
17 19 124
11 11 110
2 10 108
12 14 55
11 7 186
0 0
0 0
