1 0.118876387902044 0.118876387902044 0.118876387902044 0.118876387902044 0.118876387902044 0.118876387902044 0.118876387902044 0.118876387902044 0.118876387902044
0.118876387902044 1 0.118876387902044 0.118876387902044 0.118876387902044 0.118876387902044 0.118876387902044 0.118876387902044 0.118876387902044 0.118876387902044
0.118876387902044 0.118876387902044 1 0.118876387902044 0.118876387902044 0.118876387902044 0.118876387902044 0.118876387902044 0.118876387902044 0.118876387902044
0.118876387902044 0.118876387902044 0.118876387902044 1 0.118876387902044 0.118876387902044 0.118876387902044 0.118876387902044 0.118876387902044 0.118876387902044
0.118876387902044 0.118876387902044 0.118876387902044 0.118876387902044 1 0.118876387902044 0.118876387902044 0.118876387902044 0.118876387902044 0.118876387902044
0.118876387902044 0.118876387902044 0.118876387902044 0.118876387902044 0.118876387902044 1 0.118876387902044 0.118876387902044 0.118876387902044 0.118876387902044
0.118876387902044 0.118876387902044 0.118876387902044 0.118876387902044 0.118876387902044 0.118876387902044 1 0.118876387902044 0.118876387902044 0.118876387902044
0.118876387902044 0.118876387902044 0.118876387902044 0.118876387902044 0.118876387902044 0.118876387902044 0.118876387902044 1 0.118876387902044 0.118876387902044
0.118876387902044 0.118876387902044 0.118876387902044 0.118876387902044 0.118876387902044 0.118876387902044 0.118876387902044 0.118876387902044 1 0.118876387902044
0.118876387902044 0.118876387902044 0.118876387902044 0.118876387902044 0.118876387902044 0.118876387902044 0.118876387902044 0.118876387902044 0.118876387902044 1
