12
1 5
10 1
7 2 5 6 8 9 10 11 12
7 8
4 1 5
10 7 8
7 3 5 6 12
8 9 10
0
10
5 2 9
6 1 3 7 8 10
8
6 3
7 3
6
8 4 7 10
2 8
8 3 7
0
19
17 11 15 18
9 1 2 4 14 18
12 11 17
5 4
2 1 4 5 16 19
9 2 8 13
10 3 13 19
15 6 14 16
14 3 4 10 11 12 17 18
4 3 13 14
3 7
3 1 10 11
0
19
2 17 19
10 3 9
8 3
8
2 6 7 11
19 10 14 15 16
6 4 5 8 9 10 13
5 6 7 13 14 15 18
12 1 2 5 6 7 11 14 17
4 8 10 13 14
0
7
5 3
6 1 3 4
1
6 7
7 2
0
20
17 6 8 13
16 1 2 6
14 4 12 17 19
11 5 7 8
7 2 5 6 16 19 20
20 6 8 14 15 17 19
16 5 10 19
8 9 10 19
3 6 7 9 10
19 5 9 10
15 1 9 14 16
19 2 16
5 11 19 20
3 4 14 18 20
17 1 4 5 6
11 5 12 18
5 1 4 8 13 18
0
0
